1 2881 9.117476 0.125055 0.125055 0.000000 1.000000
2 2436 9.157773 0.114086 0.114086 0.001457 0.929258
3 1941 9.298994 0.102798 0.102798 0.006565 0.856459
4 1668 9.432733 0.099767 0.099767 0.011402 0.836914
5 1484 9.624380 0.097261 0.097261 0.018334 0.820747
6 1371 9.772090 0.095905 0.095905 0.023676 0.812007
7 1252 9.951627 0.093520 0.093520 0.030170 0.796624
8 1141 10.289752 0.091475 0.091475 0.042399 0.783432
9 1035 10.783750 0.093902 0.091475 0.060267 0.783432
10 985 10.857082 0.093298 0.091475 0.062919 0.783432
11 934 10.966789 0.093278 0.091475 0.066887 0.783432
12 892 11.085649 0.093236 0.091475 0.071186 0.783432
13 833 11.257089 0.092735 0.091475 0.077387 0.783432
14 803 11.386578 0.094931 0.091475 0.082070 0.783432
15 772 11.497228 0.095224 0.091475 0.086072 0.783432
16 737 11.726632 0.096493 0.091475 0.094369 0.783432
17 713 11.781167 0.092814 0.091475 0.096342 0.783432
18 680 11.974779 0.090134 0.090134 0.103344 0.774784
19 651 12.178933 0.092317 0.090134 0.110728 0.774784
20 619 12.265194 0.090106 0.090106 0.113848 0.774607
21 1 36.765873 -0.030000 -0.030000 1.000000 0.000000
