2.685 0.519 4.212
3.969 0.515 4.230
3.733 0.504 4.391
3.117 0.524 4.367
1.902 0.557 5.958
3.329 0.569 5.194
3.282 0.538 5.515
1.930 0.696 5.500
1.091 0.634 4.232
1.140 0.506 4.921
0.863 1.272 6.621
0.803 0.752 5.034
0.988 0.635 10.511
0.660 0.537 6.232
0.906 0.614 5.271
0.405 0.766 4.708
0.703 0.712 4.884
0.842 0.551 5.323
0.885 0.527 9.067
0.642 0.510 5.131
0.462 0.634 5.844
0.829 0.534 4.394
0.158 0.492 5.670
0.176 0.618 5.662
0.243 0.606 4.490
0.161 0.592 4.818
0.290 0.665 5.153
0.315 0.525 4.869
0.290 0.524 4.642
6.545 0.505 0.018
43.344 18.133 156.862
