1582 1514
2791 2730
2837 2931
2909 2814
2743 2969
2644 2592
2784 2728
2673 2736
2538 2604
2183 2143
2408 2387
2261 2337
2149 2190
2175 2978
2179 2110
2977 2350
2160 2204
2191 2304
2294 2203
2123 2984
1978 2046
2055 1990
1751 1721
1573 1627
1677 1629
1510 1493
1377 1428
1425 1526
1427 1369
1253 1238
1163 1222
1632 1656
1450 1446
1501 1601
1403 1409
1293 1391
1117 1125
1243 3002
1277 1190
1077 1025
1015 1108
820 795
699 3007
951 1003
949 915
3010 862
732 802
873 948
774 707
643 3014
609 693
665 584
537 465
365 456
738 778
578 602
507 513
765 741
762 698
592 582
445 511
497 529
432 490
303 351
247 3029
210 3030
224 312
343 275
92 157
3034 21
355 294
69 183
187 94
30 97
326 301
225 257
205 116
132 160
166 156
135 3044
55 98
48 49
91 46
1138 1141
1298 2992
1348 1261
3051 1439
2238 2318
2662 2706
2859 2882
2830 2916
2938 2860
2769 3057
2745 3058
2939 2839
2777 2933
2849 2935
2961 2850
2742 2833
2693 2726
2622 2655
2510 2577
2616 2537
3068 3066
2483 2501
2519 2508
3069 3071
2539 2625
2979 2981
2097 3074
2129 2980
3076 2239
2277 2321
2354 2330
2263 3079
2339 2243
2219 2292
2678 2582
2660 2721
2579 2547
2427 2484
2225 2325
2177 2248
2532 2453
2419 2322
2092 2021
2047 1968
1988 1926
2282 2352
2173 2256
2234 2230
1862 1906
1722 1769
2392 2305
2146 2205
2274 3100
1759 1843
1800 3102
1844 1737
1650 1700
1854 1933
1803 1840
1753 1787
1729 1778
1733 1804
1533 2991
1556 1594
1706 1648
1472 1538
1466 1566
1454 1545
1665 1631
1540 1468
1524 1521
1459 1547
1292 3004
1364 1421
1215 1273
1110 1147
1096 3124
939 3006
1039 1133
1423 1461
1380 1389
1102 1205
979 3011
906 3131
813 937
3132 865
1130 1051
784 3013
920 996
706 642
961 887
412 501
251 437
695 755
812 3142
635 620
522 3144
753 678
413 371
440 551
1225 1169
867 950
998 3150
853 3151
806 3152
807 758
1355 1265
3125 1058
3156 1088
1171 992
686 3008
603 3159
645 3021
3160 3161
756 3162
710 3163
777 3164
550 3165
3123 1143
749 825
429 421
420 3169
133 198
283 263
461 410
677 646
809 898
724 799
767 3176
614 661
735 822
623 573
613 532
531 475
408 383
279 330
282 315
147 3045
209 3186
136 3187
3047 3048
3170 384
559 462
300 379
3185 278
277 307
414 466
200 3041
516 601
359 255
172 276
336 270
120 213
10 11
149 148
86 20
3145 703
285 319
189 265
143 77
3208 226
3177 720
3210 670
526 628
3018 502
469 448
260 197
880 3139
1477 3050
2127 2975
2782 2806
2774 2845
2737 3061
2848 2913
2801 2897
2876 2826
2560 3084
2775 2703
2506 3072
2563 3227
2437 3070
3067 3229
2231 3080
2310 2390
2702 2610
2497 2418
2236 3075
2267 3235
3236 2104
2270 2264
2712 2605
2492 2542
2972 2679
3086 3085
2505 3242
2402 3243
2275 2363
2377 3245
2152 3088
2109 2188
2281 3096
2151 3249
2138 2987
3250 2206
2083 2048
1868 1929
1952 1880
1701 1689
2121 2220
2504 2617
1726 1770
1698 1741
1912 1814
1781 1859
3112 2989
3263 3113
1418 3114
1711 1628
1589 1649
1558 1569
1695 1745
1682 1732
1797 1750
1560 1606
1523 3272
2998 3273
1508 3274
1484 3275
1659 1658
1655 1578
1567 1542
1471 1496
1307 1405
1050 3167
1031 3157
1347 1467
3276 1394
1457 1357
1195 3003
1227 3287
1038 3126
1099 3149
1036 3290
859 3153
1402 1437
1322 1381
1382 1341
1297 3295
3115 1370
1443 1354
1686 1696
1914 1858
1124 1076
993 3301
972 3302
914 3303
910 3304
3147 3214
455 3212
377 3307
1251 1295
754 843
1719 1783
1816 1725
574 627
347 439
597 488
253 340
249 3316
168 3035
144 19
161 14
208 3320
936 855
538 3019
730 637
775 857
543 616
981 1062
912 985
723 3175
742 3329
828 3211
3331 3178
729 3332
540 3173
259 3031
3171 3335
322 3336
449 482
487 3338
1109 1061
969 872
1053 1084
610 638
3333 3343
459 547
3023 669
878 860
621 681
629 3348
493 499
605 519
131 3196
3207 3352
88 3353
35 3354
3038 26
3355 220
395 457
500 524
44 3188
43 3360
50 3189
83 3043
3341 837
817 743
528 548
460 3366
167 196
239 317
3363 192
367 311
364 3371
3334 404
409 375
181 202
3361 266
39 40
748 789
1020 1087
1073 1023
3077 2235
2794 2868
2630 2633
3103 1860
3384 1763
3283 1187
3386 3282
1371 1342
1210 1302
1825 1861
3252 2335
1198 1172
995 1075
541 626
659 590
725 640
396 443
346 3397
1991 2023
2165 2099
2951 2911
2929 2968
2875 2956
2772 2825
2708 3404
2620 2664
2544 3406
2580 3244
2459 3408
2934 2847
2054 3101
2371 3411
2753 2668
3413 3062
2588 2534
2520 2440
2208 2192
2050 2125
2507 2442
2163 3248
2182 2094
1923 3254
1908 3422
1744 3117
1282 3286
1249 3425
1619 3279
1638 3270
2022 1994
3390 1848
1834 3104
1833 1782
1634 1609
1139 3387
917 3364
770 3435
553 3166
683 3437
599 674
3028 3367
323 3440
3190 3339
58 3046
109 85
193 206
479 397
3350 3446
763 682
804 851
1135 1196
1449 3122
1597 1513
1570 1595
1709 1793
1974 2027
2209 2306
1681 2999
2869 2785
2727 2832
3083 3459
2643 2713
2652 2546
2666 2634
2628 2642
2822 2740
2482 2531
3238 3237
3467 3381
3078 3468
3091 2075
2142 2983
2361 2288
2064 2159
1740 2988
1624 3264
1483 3293
1546 3476
1305 1383
1712 1772
1458 1414
3288 3289
1186 3481
1448 3120
1473 1551
1475 1519
1393 3485
1330 3486
3266 1539
1179 1262
1504 1453
1351 1412
1279 3491
3492 3265
1599 3493
1255 3494
829 3305
3146 3496
585 3213
563 3326
3133 3324
803 3143
761 3501
708 3502
406 3200
739 3017
1900 1771
2136 3092
1791 3106
1981 2034
1821 1747
1587 1596
893 935
411 508
314 3513
596 3140
2053 1983
1660 1739
230 175
117 174
84 64
271 3201
1072 1000
1094 1043
3523 963
869 787
3195 3351
473 3526
598 685
485 515
3194 3183
3042 3209
74 3531
321 280
427 3533
231 236
1030 958
955 3536
1001 3537
3482 924
3380 3539
3296 3540
3477 3541
3291 3542
3155 3543
1285 3544
3330 883
3545 3294
1311 3281
1430 3280
1044 1115
1206 1160
1301 1316
577 588
350 425
399 320
125 256
484 434
373 407
286 353
214 3559
87 24
71 102
32 31
34 72
3562 287
766 879
3534 391
316 258
3040 3568
941 984
931 3570
900 816
925 3572
921 885
1209 1204
3438 861
1406 1398
2974 2545
3469 2401
2301 2364
2778 2866
2380 2432
1156 1161
747 764
491 3394
3036 3398
284 3586
1168 3583
1531 1464
1586 3589
3053 2372
2843 3056
2917 3465
2946 2918
2819 2718
2516 3239
2696 2788
3597 3073
2694 2614
2597 2656
2925 2937
3246 2467
2936 2841
2583 3416
2157 2218
2356 2461
1630 1716
1757 3607
1180 3489
1815 3260
1942 3251
1887 3611
1270 1166
1385 3613
1287 3547
1070 3538
1271 3575
1173 3617
1250 3548
1312 3388
1366 3620
3342 3340
1054 3622
975 3623
3278 3118
1498 3625
1384 3626
3277 3271
1478 3427
1476 3629
1365 3426
3631 3630
1749 3479
2257 2174
3094 2417
1932 1857
2003 1901
2007 2008
1645 1674
3452 3639
3385 1727
1937 1894
1953 1909
1530 1463
1201 1244
3005 1134
1267 1191
1004 3550
1488 1509
3649 1431
416 3442
3651 3576
3441 3652
3373 3653
3337 3654
470 3655
267 3656
3368 3657
354 3658
179 3659
79 3376
227 228
3174 3179
3450 1080
3346 830
953 891
3666 3615
3154 3667
3663 3344
594 607
3650 3433
1495 1481
1945 1875
926 987
1283 1236
814 905
593 3345
3662 219
150 3678
75 3679
281 3532
152 3681
3682 3530
3529 3683
3193 3684
218 3685
572 3527
403 3687
394 3554
641 3012
968 3525
223 3555
332 3565
419 3693
204 3694
3356 3560
3015 3315
1091 3497
3206 3306
212 3699
142 3318
393 3317
252 176
349 424
1527 2993
1497 3705
2150 2244
2672 3228
2562 3708
2756 2639
2276 2250
2349 2436
2515 2566
3709 2575
2722 2799
3487 1579
2990 3716
3480 1516
3267 3718
2140 2105
2166 2187
2120 2186
1728 1683
1259 1217
1174 3724
3309 1221
12 129
1889 1976
1934 2004
2062 3729
1035 1022
567 630
3732 3688
306 3733
327 3734
3311 1637
978 1052
705 713
2018 1925
2494 2414
3090 2303
3474 1694
1626 3742
3130 1046
786 692
463 464
107 3357
305 360
3748 3735
3749 254
539 3553
606 506
3182 568
3753 415
3430 1870
2813 2754
2499 2576
3757 2481
1884 1853
1220 1294
1207 1192
1002 1082
3216 823
721 701
401 3141
1592 3590
2045 3508
2669 2967
2661 3054
2741 3220
3221 3065
2908 3595
2798 3225
3391 3635
3612 3774
2080 3775
2051 3776
1936 3777
2601 2689
2957 2964
2873 2828
2368 3602
2915 2865
2619 2676
2164 3420
2283 2384
3421 2065
2122 3787
3642 1972
1893 3789
1967 3790
2020 3791
1812 3628
1764 3793
1714 3098
1692 3795
904 3624
3434 3797
1100 3798
988 3799
554 3660
369 3801
140 3802
884 3669
736 3804
3374 3191
3569 3806
3375 3807
3535 3661
3567 3809
3362 3810
296 3811
3686 3680
3813 3812
447 3814
474 3815
67 3816
633 3754
3817 3818
3819 3808
3820 3803
3670 3821
3436 3822
3358 3823
3158 3824
546 3825
374 3826
1126 3646
1067 3328
1089 3668
3024 3738
3349 3750
727 3832
788 3833
704 3834
569 3557
625 3836
673 3837
745 3838
716 3325
3308 3840
3498 3700
3205 3842
304 3702
634 615
1532 3495
1006 934
901 3310
3848 3737
113 3321
268 3850
232 289
918 3522
1801 3743
1841 3854
2063 3579
2425 3580
3714 3857
2438 3858
3770 2840
3055 3401
2744 2709
2821 3862
3592 2811
1943 3730
1664 1760
2042 2119
1607 1636
3868 1608
3524 870
782 3870
3551 3645
1470 1404
3483 3000
3874 3830
481 570
644 3876
1536 3105
1618 3878
1849 1913
1847 3880
1966 3881
2081 3605
1181 3001
1950 1927
2001 3885
1872 3255
1879 1951
3424 1785
2997 3889
3256 3890
1742 3891
3284 3285
3632 3893
1208 3894
3647 3895
1155 1212
1598 3640
3453 3898
1537 3899
3269 1811
1324 3121
3896 3902
3872 3903
1306 3904
1507 1474
1512 3906
3905 3552
3908 1375
1921 1899
3796 1691
1140 3389
1525 1591
3911 1777
922 3571
3800 3915
3372 3447
3751 3917
3184 3918
845 791
890 3292
3827 3377
216 159
3922 3370
54 3443
182 3925
128 3926
138 195
262 3928
61 60
3930 3444
194 3931
99 3932
127 52
618 675
3935 3924
3936 836
126 41
2985 2986
2095 2026
2391 2448
2398 2347
2115 2101
3596 2781
1479 1419
1188 1280
363 450
222 293
821 856
3697 3949
973 3731
3009 1079
1440 1534
974 1037
772 3503
542 636
702 3956
875 947
3745 3958
595 3959
1074 3049
3763 888
3396 655
746 3963
453 498
430 480
989 1071
3961 1112
1416 3217
1358 1399
3137 1097
3971 3962
1129 3972
826 3973
3588 3974
3761 3975
1228 3976
1593 3706
3475 3846
3128 3979
3609 3717
1158 3981
1668 3633
1424 3875
1335 3984
966 3985
3805 3937
552 3987
190 191
329 389
302 3990
849 3920
983 3916
3909 3648
3664 3994
3828 3995
1553 3996
1026 3997
1387 3451
1810 3888
3892 4000
2246 3087
2176 4002
2815 2723
3407 3409
2171 3785
3253 4006
2100 4007
2132 4008
3913 3794
3900 4010
3627 4011
3621 4012
1663 4013
1237 4014
2017 2060
2533 3415
2359 3089
3634 4018
2215 2207
2059 2032
902 3616
3566 4022
1218 3618
3619 3549
3665 3448
3020 4026
832 4027
4001 1604
1724 1736
1611 3268
3379 982
291 3558
221 199
339 3704
3723 1675
1924 2010
2169 2147
1455 1555
1489 4039
1362 1452
1199 1291
3129 4042
2407 3466
2498 2559
3383 3859
2416 4046
2312 3856
3470 4048
3720 3739
2862 2919
2783 4051
3578 2460
2429 2439
1896 2006
2058 1987
1178 1111
3111 3945
1269 1247
3982 1229
4057 1008
1083 4061
740 3500
1028 1014
3505 3515
3314 4065
324 4066
631 722
1177 1263
4025 1318
4070 3998
1410 4071
1203 4072
1392 1323
1388 4074
1040 1021
4076 1011
871 908
1343 3577
3671 4079
3428 4080
2098 2029
2313 3883
3604 2410
3240 3099
2598 4085
2667 4086
2578 2480
2449 4088
2463 2379
1708 2070
3517 1831
1779 1871
2900 3060
3769 2621
2565 4095
2518 4096
2158 2194
2524 2435
2446 4099
1878 1845
1635 1646
1766 1774
2260 2338
3861 2895
776 852
557 441
3556 4107
3016 523
141 28
27 4110
436 458
4023 1127
1184 4113
1119 4114
4115 3347
841 780
854 4117
33 3563
1688 1612
676 737
3598 2857
1970 1941
3969 3977
815 4124
1687 4093
2493 4047
3594 3860
2793 2838
2949 2954
3581 4130
3866 3108
4132 3767
2556 2489
2486 4134
2434 4135
2627 4136
2315 2378
2233 2156
2087 4139
3970 1325
2994 4141
1491 3986
1005 4143
3378 3921
3484 3879
1422 4073
4032 4116
452 3988
82 4149
3546 4028
3829 4151
4148 4152
793 4153
783 4154
3025 3180
509 3181
3677 489
999 3993
1296 1304
4075 3999
3907 4161
3835 387
122 3564
3877 3692
3032 4165
3039 4166
997 3698
600 4168
238 3852
494 3313
3964 4171
417 504
96 3927
3933 4174
422 423
3423 4015
3673 4177
1836 4178
3641 4179
1824 4180
1653 1717
3672 1436
4183 4147
2254 3788
4003 4185
3247 4186
2904 2883
2543 2636
2078 2033
1973 1986
1819 3097
3792 4192
1959 4193
2015 4021
4029 1993
2107 2090
1883 3643
1673 1761
1584 4199
3259 3610
1969 4056
3472 2982
3940 4203
1866 1920
3082 3712
2213 2293
2976 3231
2137 2056
2028 1995
1940 4210
3865 1822
1910 4212
2128 4213
1931 4214
1518 1565
1511 4216
943 881
3766 1647
1541 1641
2649 3715
2599 3414
2902 4222
2477 4122
3942 4224
2555 3941
2700 3944
2863 2952
2253 2302
2245 3741
2133 3257
4090 2423
2241 2324
2067 3093
2923 2831
2287 2229
1515 1503
1535 4237
1520 1605
895 928
744 3584
3033 3844
781 3950
398 3843
3504 4244
3955 4245
3499 4246
335 4247
4243 3845
248 370
3948 3701
3520 4251
495 3841
850 844
471 4033
4109 4255
680 604
586 496
2852 2885
3215 80
352 4260
4104 3722
3233 4044
4058 3980
1350 4264
1344 4265
1275 4266
3744 4267
3849 4268
1189 4269
1144 4270
1610 4146
3644 4272
1557 4144
1107 4274
4181 4196
4031 4276
1806 4277
1690 4278
2526 3784
2764 3405
2768 4281
2682 2711
2466 4005
2389 2336
2894 4223
2695 4225
2031 4049
2854 2750
3081 2178
3230 3232
2773 2715
2000 2117
1939 1902
1957 2035
2405 3417
2409 4296
3241 3226
2795 2734
2674 4299
3418 3456
2517 2971
2749 2776
4303 2690
2719 4304
4305 3779
2570 4306
2211 2289
2185 2262
4187 2016
3855 1672
1935 1895
3109 3299
2197 3591
4140 4314
2385 2341
2878 2921
1794 3755
3914 4318
4198 4319
1930 4320
1487 4184
1654 3901
1438 1374
1336 4324
1679 1669
1118 4159
903 4327
877 4328
4024 1245
3675 4330
112 4150
3445 3369
4175 4333
3574 4155
1081 1027
1183 1266
663 3831
2365 2422
2587 2503
3947 4258
3199 4341
310 4253
632 4343
4249 4254
118 3851
971 897
965 4347
4125 3847
4037 1885
1928 4350
1839 4351
1456 1396
1445 1435
1093 1122
1441 1411
580 562
110 211
4034 3319
1268 1345
3696 3839
3690 4256
876 4362
1486 1585
1401 1340
3923 3747
4164 4366
288 4367
244 4368
3600 4226
2606 4370
2623 2554
1105 1009
25 93
23 3521
4345 3322
2291 4262
2223 4206
2906 4105
2851 3864
2733 3059
4292 4381
2725 3593
4288 4127
2568 4384
2199 4385
2153 4386
2084 4387
4295 4312
3110 3728
2052 4390
1544 4060
1408 4392
894 4348
4218 846
1332 3726
4353 4396
1334 1328
1320 4398
1254 4399
1246 2996
565 617
151 3518
298 4403
956 3134
4169 4405
1661 3297
1310 4407
1241 4408
106 4111
1678 4279
1121 4329
4335 4322
4413 4411
4412 4414
4331 4415
4326 4416
4323 4417
4182 4418
4162 4419
1905 4420
1850 4421
1807 4422
1752 4423
1451 4424
1260 4425
1252 4426
1197 4427
1101 4428
1010 4429
4325 1337
3022 4332
733 4432
658 4433
333 4434
3929 4334
56 4436
536 4158
589 4438
3919 4112
3573 3992
4336 4441
1116 4442
45 78
1765 4321
4190 4191
4009 4446
2456 2488
2549 4448
2638 4280
2393 3782
2771 2820
2927 4287
2861 2912
2699 2685
2509 2511
2346 3707
3740 2334
2265 4458
2485 2590
2812 2914
1984 3412
4019 2106
2593 2680
4197 2184
2720 2763
3887 4195
3638 4467
2093 4468
2373 2323
2012 3939
4205 1916
2082 2013
2528 2615
1738 1813
1890 4475
1947 2089
1239 1346
4167 472
544 4479
4118 4145
4481 4275
4163 4482
923 4483
591 4484
1142 4485
517 4486
478 4487
769 4488
451 4489
328 4490
188 4491
111 4492
792 4121
2428 4207
1919 4092
4293 4496
1915 1867
4050 4498
2189 4499
2077 3943
1818 3506
1911 4502
1583 1564
2810 2792
2648 2692
2809 2829
2855 4507
2779 4508
2945 2884
4510 4380
2222 3218
2279 4512
100 186
245 4514
3966 3587
555 3965
4402 4517
9 3202
308 341
1946 4055
1799 4201
1226 4493
1165 4523
834 4524
656 4525
3439 4435
805 4527
3910 4469
2195 4529
2228 4310
2216 4531
2920 3063
2571 4450
4004 2681
2746 4286
3758 4536
2823 4537
2557 4538
2491 4230
4460 4540
3234 4315
2550 4542
2500 4543
2691 4137
2888 4379
3768 2647
2073 2126
1720 4036
1710 4549
3759 1790
1670 3869
1640 4552
1657 4553
1676 1652
4045 3463
2394 2455
4227 4557
3771 2874
2370 2397
1944 2024
1272 3760
1290 4562
4349 1326
2512 3460
3882 1832
3778 3419
4443 964
994 4568
688 4156
4570 4430
4440 612
108 51
3934 4573
4528 381
731 3676
1092 4069
3478 4577
1480 4578
4239 4579
1796 4311
4271 4581
1705 4582
1704 4583
1588 4584
566 4363
402 3746
4108 662
215 4369
2155 2134
4308 2135
4530 4591
819 899
1167 1240
1235 3871
1882 1856
2970 2650
4597 3603
2864 4598
2881 4599
2259 2329
2344 4601
2039 4447
1680 4445
2212 2266
4194 1838
115 217
37 4607
624 671
4208 2284
530 446
549 535
534 4516
3392 4564
2232 3400
2300 4615
2369 4616
4545 4617
2326 2278
4548 2011
2922 2926
3107 4133
1554 3978
1623 4623
2200 4204
2447 4457
1185 4043
1041 1086
1090 1017
967 4629
1013 4394
243 3765
207 164
22 4252
203 4586
95 4635
1276 4526
1066 4637
668 4638
581 4639
486 4575
380 4641
146 4642
886 4576
839 4644
3449 4571
1755 4646
1788 4647
1202 4648
768 864
4650 4643
913 4651
348 4652
68 4653
1826 4606
4603 4605
2552 4284
4282 2705
1713 3736
2523 3599
2880 4128
2148 4209
4383 2766
2757 4663
4098 2251
4291 4665
1685 1693
1561 1500
1372 1373
1242 4669
4670 4614
1666 1622
2541 3713
4558 2319
4388 4674
4106 4257
3323 4676
2237 4532
4678 4656
2272 2296
4572 4157
4649 4681
1620 4081
3991 4437
240 3172
130 4589
4686 4119
4687 4640
622 4688
4393 4373
3490 3488
889 960
505 503
3695 4693
514 4694
866 954
1219 1321
1148 4697
4698 4406
4690 1281
1033 3960
521 3957
171 242
4397 4671
1699 4550
811 4585
1128 4062
1034 4692
4580 4708
4494 4689
1214 4710
3197 697
338 4654
90 4713
372 4685
4176 4715
3027 4716
137 4684
59 4718
234 4719
163 4720
53 4721
4574 4722
368 4723
3119 1420
4682 4604
728 4726
3258 4221
4728 4539
3756 4729
2653 4730
2871 3773
2924 4732
2462 4733
4462 4734
3719 4522
1977 4477
2297 2311
4735 4473
4731 2525
2360 2331
4727 907
4273 1462
4120 1758
4709 4744
2025 4625
4202 4746
1886 4521
2738 4453
4626 4660
4391 4750
4555 4751
1106 3853
4753 3884
3116 4754
1505 4755
4677 911
2732 4087
4082 2161
1971 4759
4476 4760
4742 1149
185 4359
3703 4763
4035 4764
3204 4765
246 3514
583 4518
433 4768
726 4067
750 4770
672 647
1113 3127
679 691
4236 4500
4749 4775
1730 1780
2316 4378
1863 1842
3507 4352
2879 4621
2522 2553
4455 4382
2677 4783
3582 3711
3399 2074
2651 2591
2079 4211
4228 2770
1016 1007
1085 4790
560 3585
1048 4704
4624 4672
1397 4794
4752 4795
4400 4796
4053 4675
2594 4798
2867 4784
2932 4800
1960 4786
2739 4263
4377 4803
2613 4804
2458 4805
4100 4138
1979 1980
1746 4103
3382 2942
1985 4747
2355 4471
2431 4812
4541 4813
1827 4472
1864 4815
4294 2005
2646 4657
2403 4818
2144 4679
2252 4820
3786 4738
2317 4451
2476 4449
2600 2687
2626 4825
1562 4762
1360 4827
533 4714
1032 4077
3674 4830
4829 709
1137 1049
4593 4833
2072 2118
4309 4835
2573 2586
4595 1300
1837 3454
1892 4839
3601 2892
1278 1216
3327 933
608 4695
4410 4480
4844 418
1529 3298
1614 4847
4700 1413
1603 1506
4091 4850
929 4699
696 4248
1064 3951
3 153
4855 4261
4856 0
3519 8
715 700
1852 4622
1948 3300
162 3198
4707 1176
1274 1363
1378 1353
4613 331
2 123
611 4792
4520 4632
4172 4869
4870 4866
309 4871
4142 4356
1786 4780
4874 4705
2068 4038
3867 4788
3510 1830
4506 4666
3064 4799
4880 4054
2844 2893
4701 4706
3608 4883
4756 4884
4478 4885
4234 4886
1735 4887
990 4888
858 4889
798 4890
4636 4891
525 4892
4853 4852
3952 4894
545 4895
896 4711
4842 3912
1194 4409
3614 1065
3691 4900
4849 1339
2607 4826
4903 4466
2704 4904
2595 4905
2383 4823
2131 4821
2471 4534
4824 4909
3455 4567
4231 4911
2340 4912
2314 3095
3781 3783
2767 2800
2108 2145
4745 1768
4838 1162
4712 4919
4344 4634
930 4921
952 4922
831 4923
687 4924
4702 4376
660 4926
556 4927
4766 4928
4929 4925
4375 4930
4242 4931
1284 3725
165 3037
4872 4633
104 105
868 4063
4834 938
1200 4938
773 4939
295 344
4608 4941
3359 4832
170 4943
4828 648
4944 476
1574 1575
4947 1580
4816 4817
1444 4354
2269 4495
3721 4951
4068 639
4793 4935
4868 4954
1288 4955
810 4956
4173 4957
386 4958
4953 719
4769 650
1795 4893
3512 1024
2066 4875
2433 2472
2960 4511
2404 2469
4967 4879
4259 4559
4664 4094
4097 2430
1602 4040
2569 4459
3461 4973
3954 4897
4724 4946
4717 4976
4645 4977
4078 4978
4609 4979
272 4980
169 4981
103 4982
57 4983
4725 4945
986 4985
3528 4940
657 3752
4986 4988
4465 4590
2102 4463
2168 4908
4740 2835
4993 2684
4301 4297
4084 4995
2415 4822
2457 4997
4188 2953
2441 2450
4592 2342
1182 1170
4337 5002
139 4932
1352 3946
1114 5005
1429 4865
2670 4340
4189 2589
840 818
3203 119
4972 4959
4873 5012
1376 5013
1303 5014
4627 4962
3471 5016
4848 5017
4470 5018
1998 5019
2227 5020
4761 5021
4758 5022
1042 5023
1029 4896
1224 4864
4696 4902
801 5027
4361 5028
4160 4989
4906 5009
3410 4994
2963 5032
2928 5033
3457 4736
4918 5035
2085 2036
4200 1469
1828 5038
4439 4984
3168 5040
959 5041
512 5042
1146 3897
980 4757
299 5045
235 5046
155 5047
431 4771
366 5049
4395 882
4346 4934
5052 5050
184 4404
81 38
2210 2295
2328 5056
4741 4680
2044 4655
2454 2375
4602 2309
2521 4017
5062 4910
2478 5063
5031 2584
4235 4565
2451 5066
5067 5024
2124 4083
2088 5069
5004 261
158 4703
4949 4811
1615 3511
3863 4547
3710 5075
5076 4618
2735 5077
2780 5078
2412 4544
2139 5080
4101 1907
1775 1820
2540 4807
2807 3772
1718 1731
1715 5086
4610 4290
1643 4504
2400 2399
4661 2787
3968 1045
385 400
4857 4515
4241 796
4960 5095
3764 5096
492 5068
2271 4806
4781 4966
3402 5100
4289 4969
2240 4778
5103 4662
5099 5104
2490 5105
4968 5106
4881 5107
5085 5108
4454 5109
2596 5110
2381 5111
2944 4546
1703 4503
1817 4389
4630 4401
2069 4877
4102 1571
1903 4123
4846 4975
4843 5120
4338 5121
3689 5122
4365 5123
4364 5124
1314 5125
1152 5126
4431 5127
180 5128
2671 4307
3429 5059
1964 5131
5044 5030
794 5133
694 5134
4444 5043
759 5136
428 5137
361 5138
1823 4566
5135 4569
1068 5141
2320 4339
2196 2103
2242 5144
4016 1958
4596 1963
378 426
4937 4342
4587 4250
5054 5150
269 5151
5071 65
1193 4933
1123 1132
5153 454
1851 5114
4779 5157
1776 4964
1426 1407
3561 5156
4371 4776
4789 5162
4659 5163
3516 5164
2899 5165
2057 5166
1522 5129
1264 5168
1159 5169
4683 5142
1577 5171
666 5172
2247 4992
2406 5064
4464 5130
2858 4658
1835 4913
2640 3222
1904 4737
1829 5180
1949 1982
2327 4233
325 5139
297 5184
178 5185
1684 4743
5187 5170
36 5188
5189 3983
5190 5173
4594 5191
1257 5192
690 5193
1359 1319
5195 5015
4767 4170
1956 1918
2683 4509
4505 5199
4801 5200
3464 5201
5112 5088
2581 5203
5081 2286
5079 2898
2426 2475
2444 5207
932 3967
5209 5196
5210 4963
4631 5211
962 5212
824 5213
919 909
62 5053
154 3727
4858 5217
4936 5218
229 5219
4673 5204
2611 4556
2527 2564
5223 5221
4802 2049
2804 5113
5101 5226
2707 4372
1965 5115
2947 4600
2567 4819
5001 5174
5194 5232
388 5186
201 5234
1559 1528
2382 2366
5034 2762
4285 5000
2298 4907
5233 916
5178 2374
1232 1299
5073 4814
5119 5244
2076 4497
4313 1767
1258 5214
4358 237
1888 1922
1877 5250
5084 2479
2846 5091
4860 4554
1702 5254
4229 2345
4974 3458
5140 5242
4991 5258
4990 5259
1379 5241
2548 5231
5065 5175
5060 5263
2443 2445
2877 4535
2729 5230
2465 4232
5070 5268
4914 5269
5264 2759
3989 5235
392 5272
390 5273
47 5274
5132 1881
1869 1865
1773 5277
4030 1707
652 558
2096 2162
4996 5281
734 4859
714 4774
4561 5224
4810 2716
2658 2698
5202 5287
2731 5288
2290 4316
5285 4215
842 874
718 3138
771 5293
2870 4300
5275 5261
5055 5296
4898 5297
1723 5298
1417 5299
1415 5300
1356 5301
1317 5302
1059 5303
957 5304
944 5305
752 5306
619 5307
345 5308
337 5309
250 5310
42 5311
2167 5145
5057 5313
2038 5314
4773 4899
5316 5098
5317 5155
468 5025
2529 2474
2574 2530
2758 2789
5295 2896
5318 717
5324 751
405 342
1164 5092
264 173
1390 5248
3395 5097
833 5330
711 5331
4360 5325
2395 2411
5271 5334
5058 5335
5315 5336
4917 5337
4020 5338
2887 5177
2755 5340
2818 2802
2002 2061
5146 2130
5276 1743
292 4942
790 808
977 5116
5246 1600
2688 5206
1434 1492
2333 4952
376 5329
5094 5353
3462 5291
4131 5227
4238 1543
4970 5253
3219 5358
2714 2973
5360 5355
4052 4797
2217 5167
318 357
4220 5312
5365 177
2760 2751
2487 5270
1999 5260
2710 2618
2816 5370
5322 5371
527 587
5007 4059
5374 1400
4563 5354
5247 5362
1809 5377
4845 5333
5216 5379
4240 5380
1069 5381
991 5382
561 5383
2226 5361
1639 5159
5176 5267
2308 5183
5369 3886
4987 520
467 5390
3431 1876
5225 5198
5393 5386
4876 5394
4808 5395
1873 5396
2765 2724
5397 5251
4219 5376
4668 5400
4667 5401
1581 5402
1550 5403
1103 4863
1056 5405
2495 5262
5279 5278
1955 5182
1846 4861
2043 5410
3509 5411
5385 5229
5117 5413
4560 5414
4787 5415
3312 5416
2116 5417
1989 5418
4611 483
3393 5404
358 5421
5228 5419
4461 5384
2805 5350
2665 5289
5208 5222
1671 5349
5319 1120
1432 5366
444 5430
4915 4841
4999 5432
4533 5433
5342 5434
3780 5435
2817 5436
2824 5437
2396 5239
5339 5439
2343 5440
4302 5441
5282 5442
2464 5443
5341 5444
2452 5445
3261 4739
5036 5447
1248 5448
5265 4998
5240 5450
5451 2367
779 5284
3052 5422
1662 5449
1644 5455
66 5431
2181 5388
4837 5368
5407 5266
2249 5061
5346 89
435 5462
5391 5463
5457 689
4854 5429
290 5161
5467 5466
5149 5468
5011 5469
4878 1802
5082 5471
4551 5472
1789 5473
5363 4126
575 4357
5424 5476
5010 800
4961 4612
1150 4791
5102 5423
5286 5481
5359 5482
5083 5399
4965 2424
4785 5485
1442 5375
1368 5487
1499 5465
1625 1548
5389 2112
5446 5387
2637 5492
5238 2608
1954 1897
1898 1917
5489 1057
73 4519
1465 1433
5483 5090
2901 2950
5454 1
5502 4
5503 5
5504 6
5505 7
5220 13
5477 15
5508 16
5509 17
5510 18
5511 29
5512 63
5506 70
5497 76
5513 101
5516 114
5517 121
5514 124
5518 134
5515 145
5470 233
5519 241
5523 273
5524 274
5525 313
5521 334
5526 356
5528 362
5529 382
5530 438
5527 442
5531 477
5533 510
5532 518
5534 564
5535 571
5537 576
5538 579
5539 649
5520 651
5540 653
5542 654
5541 664
5544 667
5536 684
5545 712
5332 757
5478 760
5549 785
5547 797
5048 827
5543 835
5551 838
5548 847
5554 848
5553 863
5557 892
5029 927
5558 940
5480 942
5561 945
5556 946
5562 970
5564 976
5546 1012
5566 1018
5560 1019
5464 1047
5565 1055
5567 1060
5348 1063
5572 1078
5569 1095
5552 1098
5575 1104
5563 1131
5577 1136
5578 1145
5579 1151
5573 1153
5580 1154
5581 1157
5583 1175
5488 1211
5585 1213
5584 1223
5568 1230
5571 1231
5589 1233
5586 1234
5522 1256
5588 1286
5593 1289
5592 1308
5559 1309
5591 1313
5594 1315
5587 1327
5595 1329
5598 1331
5601 1333
5596 1338
5590 1349
5582 1361
5604 1367
5602 1386
5607 1395
5608 1447
5606 1460
5605 1482
5499 1485
5612 1490
5611 1494
5610 1502
5614 1517
5609 1549
5617 1552
5615 1563
5619 1568
5620 1572
5618 1576
5622 1590
5378 1613
5624 1616
5603 1617
5621 1621
5623 1633
5628 1642
5627 1651
5456 1667
5616 1697
5629 1734
5625 1748
5633 1754
5484 1756
5635 1762
5637 1784
5638 1792
5636 1798
5639 1805
5640 1808
5632 1855
5642 1874
5631 1891
5644 1938
5646 1961
5500 1962
5181 1975
5649 1992
5648 1996
5245 1997
5647 2009
5650 2014
5654 2019
5641 2030
5653 2037
5656 2040
5657 2041
5491 2071
4620 2086
5651 2091
5660 2111
5658 2113
5662 2114
5665 2141
5663 2154
5666 2170
5661 2172
5668 2180
5664 2193
5205 2198
5659 2201
5652 2202
5674 2214
5667 2221
5493 2224
5673 2255
5677 2258
5670 2268
5671 2273
5680 2280
5676 2285
5679 2299
5681 2307
5682 2332
5685 2348
5486 2351
5684 2353
5689 2357
5675 2358
5690 2362
5672 2376
5686 2386
5692 2388
5694 2413
5696 2420
5697 2421
5698 2468
5695 2470
5700 2473
5688 2496
5459 2502
5699 2513
5703 2514
5701 2535
5706 2536
5643 2551
5707 2558
5709 2561
5710 2572
5704 2585
4971 2602
5712 2603
5711 2609
5715 2612
5716 2624
5714 2629
5718 2631
5717 2632
5720 2635
5713 2641
5721 2645
5723 2654
5425 2657
5724 2659
5719 2663
5726 2675
5728 2686
5729 2697
5494 2701
5725 2717
5730 2747
5731 2748
5645 2752
5426 2761
5733 2786
5460 2790
5737 2796
5736 2797
5739 2803
5738 2808
5741 2827
5735 2834
5743 2836
5745 2842
5746 2853
5740 2856
5747 2872
5734 2886
5744 2889
5751 2890
5749 2891
5753 2903
5356 2905
5755 2907
5754 2910
5438 2930
5750 2940
5757 2941
5760 2943
5758 2948
5748 2955
5756 2958
5762 2959
5765 2962
5759 2965
5630 2966
5768 2995
5687 3026
5769 3135
5771 3136
5600 3148
5770 3192
5766 3223
5775 3224
5708 3262
5774 3365
5776 3403
5778 3432
5691 3473
5777 3606
5780 3636
5783 3637
5772 3762
5784 3873
5786 3938
5787 3953
5782 4041
5785 4064
5767 4089
5763 4129
5789 4217
5742 4283
5752 4298
5764 4317
5790 4355
5773 4374
5761 4452
5727 4456
5791 4474
5781 4501
5800 4513
5793 4588
5702 4619
5804 4628
5806 4691
5807 4748
5808 4772
5809 4777
5732 4782
5678 4809
5788 4831
5813 4836
5814 4840
5810 4851
5816 4862
5797 4867
5803 4882
5817 4901
5799 4916
5820 4920
5815 4948
5822 4950
5823 5003
5824 5006
5821 5008
5826 5026
5825 5037
5829 5039
5818 5051
5831 5072
5832 5074
5812 5087
5634 5089
5833 5093
5836 5118
5827 5143
5830 5147
5839 5148
5828 5152
5841 5154
5835 5158
5837 5160
5842 5179
5845 5197
5844 5215
5840 5236
5838 5237
5846 5243
5850 5249
5819 5252
5852 5255
5802 5256
5854 5257
5848 5280
5851 5283
5853 5290
5857 5292
5859 5294
5849 5320
5861 5321
5862 5323
5860 5326
5847 5327
5865 5328
5683 5343
5856 5344
5868 5345
5869 5347
5866 5351
5858 5352
5871 5357
5864 5364
5863 5367
5875 5372
5870 5373
5877 5392
5811 5398
5874 5406
5878 5408
5881 5409
5872 5412
5873 5420
5883 5427
5880 5428
5882 5452
5886 5453
5876 5458
5889 5461
5834 5474
5888 5475
5884 5479
5887 5490
5894 5495
5895 5496
5507 5498
5885 5501
5893 5550
5899 5555
5900 5570
5896 5574
5892 5576
5903 5597
5904 5599
5901 5613
5905 5626
5902 5655
5891 5669
5909 5693
5890 5705
5879 5722
5911 5779
5912 5792
5913 5794
5915 5795
5914 5796
5907 5798
5916 5801
5917 5805
5918 5843
5921 5855
5919 5867
5922 5897
5924 5898
5925 5906
5926 5908
5927 5910
5928 5920
5929 5923
