1 2436 9.157773 0.114086
2 1941 9.298994 0.102798
3 1668 9.432733 0.099767
4 1484 9.624380 0.097261
5 1371 9.772090 0.095905
6 1252 9.951627 0.093520
7 1141 10.289752 0.091475
8 1035 10.783750 0.093902
9 985 10.857082 0.093298
10 934 10.966789 0.093278
11 892 11.085649 0.093236
12 833 11.257089 0.092735
13 803 11.386578 0.094931
14 772 11.497228 0.095224
15 737 11.726632 0.096493
16 713 11.781167 0.092814
17 680 11.974779 0.090134
18 651 12.178933 0.092317
19 619 12.265194 0.090106
20 608 12.335076 0.090863
21 585 12.395621 0.091781
22 568 12.460129 0.092830
23 554 12.528049 0.092634
24 535 12.574788 0.092361
25 516 12.699740 0.090234
26 505 12.731372 0.089630
27 485 13.500073 0.092848
28 476 13.545651 0.091704
29 468 13.599149 0.089853
30 457 13.693500 0.092878
31 451 13.707120 0.093085
32 444 13.738825 0.093178
33 439 13.749049 0.094089
34 430 13.986385 0.096288
35 419 14.062723 0.098412
36 414 14.174175 0.101091
37 404 14.246870 0.103245
38 396 14.367130 0.102739
39 394 14.381256 0.101903
40 383 14.489051 0.103093
41 377 14.562404 0.102054
42 368 14.623106 0.096441
43 361 14.702139 0.094956
44 353 14.756217 0.096699
45 346 14.856318 0.098357
46 341 14.907027 0.096053
47 340 14.914162 0.095846
48 332 14.997006 0.093492
49 327 15.050206 0.094037
50 315 15.478495 0.094495
51 311 15.547751 0.095234
52 307 15.615921 0.094661
53 302 15.673482 0.093034
54 298 15.722552 0.092938
55 293 15.800673 0.093477
56 292 15.809883 0.093342
57 286 15.894318 0.093540
58 277 16.066368 0.092098
59 272 16.158834 0.090599
60 269 16.176112 0.090467
61 266 16.219776 0.087730
62 264 16.242809 0.087215
63 259 16.322402 0.086458
64 257 16.328361 0.086070
65 252 16.427325 0.084673
66 249 16.463587 0.083905
67 246 16.508397 0.080069
68 243 16.598798 0.079920
69 237 16.679981 0.076305
70 233 16.898256 0.072160
71 224 17.400399 0.070317
72 220 17.502063 0.070154
73 212 17.646719 0.066607
74 208 17.675805 0.061870
75 204 17.798429 0.059409
76 204 17.798429 0.059409
77 200 17.837536 0.058932
78 200 17.837536 0.058932
79 197 17.961101 0.059587
80 192 18.377487 0.061350
81 187 19.363239 0.064977
82 185 19.395669 0.062718
83 179 19.538914 0.059929
84 176 19.608960 0.060421
85 172 19.650649 0.056141
86 163 20.360964 0.058003
87 161 20.418408 0.058364
88 160 20.435671 0.058511
89 158 20.516617 0.058953
90 155 20.638468 0.058688
91 152 20.749877 0.053650
92 146 21.254136 0.052709
93 142 21.366859 0.053480
94 139 21.429949 0.051084
95 136 21.481856 0.044678
96 132 21.781686 0.042718
97 130 21.839394 0.040444
98 127 22.070727 0.041827
99 126 22.094156 0.042023
100 125 22.103998 0.042184
101 124 22.187493 0.042549
102 116 22.357391 0.032873
103 114 22.459809 0.033484
104 113 22.465802 0.029788
105 113 22.465802 0.029788
106 110 22.489825 0.028200
107 108 22.556971 0.026472
108 106 22.648211 0.027070
109 101 22.791154 0.023106
110 99 22.812559 0.020269
111 95 22.903371 0.012131
112 92 23.168221 0.013392
113 89 23.210963 0.011098
114 89 23.210963 0.011098
115 89 23.210963 0.011098
116 88 23.219394 0.008118
117 86 23.266404 0.005372
118 85 23.320628 0.005695
119 83 23.411284 -0.000474
120 81 23.465027 -0.011319
121 79 23.548074 -0.010807
122 79 23.548074 -0.010807
123 78 23.608004 -0.010501
124 77 23.626992 -0.010304
125 77 23.626992 -0.010304
126 75 23.773778 -0.019106
127 74 23.876907 -0.018723
128 74 23.876907 -0.018723
129 74 23.876907 -0.018723
130 74 23.876907 -0.018723
131 73 24.034169 -0.023725
132 73 24.034169 -0.023725
133 73 24.034169 -0.023725
134 73 24.034169 -0.023725
135 73 24.034169 -0.023725
136 72 24.121759 -0.023419
137 72 24.121759 -0.023419
138 72 24.121759 -0.023419
139 70 24.236710 -0.022967
140 69 24.255427 -0.022836
141 68 24.367368 -0.022479
142 67 24.386632 -0.022347
143 64 24.645845 -0.021473
144 64 24.645845 -0.021473
145 64 24.645845 -0.021473
146 64 24.645845 -0.021473
147 63 24.664880 -0.021344
148 63 24.664880 -0.021344
149 62 24.681178 -0.021223
150 62 24.681178 -0.021223
151 61 24.701342 -0.021092
152 61 24.701342 -0.021092
153 61 24.701342 -0.021092
154 61 24.701342 -0.021092
155 61 24.701342 -0.021092
156 61 24.701342 -0.021092
157 61 24.701342 -0.021092
158 60 24.737899 -0.020931
159 59 24.779959 -0.020759
160 59 24.779959 -0.020759
161 59 24.779959 -0.020759
162 59 24.779959 -0.020759
163 59 24.779959 -0.020759
164 58 24.816001 -0.020604
165 58 24.816001 -0.020604
166 58 24.816001 -0.020604
167 58 24.816001 -0.020604
168 58 24.816001 -0.020604
169 58 24.816001 -0.020604
170 58 24.816001 -0.020604
171 57 24.884297 -0.020391
172 57 24.884297 -0.020391
173 57 24.884297 -0.020391
174 57 24.884297 -0.020391
175 57 24.884297 -0.020391
176 57 24.884297 -0.020391
177 57 24.884297 -0.020391
178 56 25.487439 -0.019335
179 56 25.487439 -0.019335
180 55 25.551864 -0.019142
181 55 25.551864 -0.019142
182 55 25.551864 -0.019142
183 55 25.551864 -0.019142
184 55 25.551864 -0.019142
185 55 25.551864 -0.019142
186 55 25.551864 -0.019142
187 55 25.551864 -0.019142
188 55 25.551864 -0.019142
189 54 25.682248 -0.018842
190 54 25.682248 -0.018842
191 54 25.682248 -0.018842
192 54 25.682248 -0.018842
193 54 25.682248 -0.018842
194 54 25.682248 -0.018842
195 54 25.682248 -0.018842
196 54 25.682248 -0.018842
197 53 25.831515 -0.018528
198 53 25.831515 -0.018528
199 53 25.831515 -0.018528
200 53 25.831515 -0.018528
201 53 25.831515 -0.018528
202 52 26.061524 -0.018096
203 52 26.061524 -0.018096
204 52 26.061524 -0.018096
205 52 26.061524 -0.018096
206 52 26.061524 -0.018096
207 52 26.061524 -0.018096
208 52 26.061524 -0.018096
209 48 27.329180 -0.015829
210 48 27.329180 -0.015829
211 48 27.329180 -0.015829
212 48 27.329180 -0.015829
213 48 27.329180 -0.015829
214 48 27.329180 -0.015829
215 48 27.329180 -0.015829
216 48 27.329180 -0.015829
217 48 27.329180 -0.015829
218 47 27.398576 -0.015675
219 45 27.914755 -0.015256
220 45 27.914755 -0.015256
221 44 28.204558 -0.014746
222 44 28.204558 -0.014746
223 39 29.401991 -0.012820
224 38 29.489342 -0.012649
225 37 29.559058 -0.012509
226 37 29.559058 -0.012509
227 37 29.559058 -0.012509
228 37 29.559058 -0.012509
229 35 29.807184 -0.012065
230 33 30.024362 -0.011667
231 30 30.255195 -0.011231
232 29 30.443956 -0.010898
233 28 30.678912 -0.010490
234 28 30.678912 -0.010490
235 28 30.678912 -0.010490
236 27 30.812425 -0.010258
237 27 30.812425 -0.010258
238 27 30.812425 -0.010258
239 24 31.847129 -0.008515
240 20 32.546973 -0.007307
241 19 33.174860 -0.006222
242 17 33.754529 -0.005209
243 17 33.754529 -0.005209
244 16 33.788598 -0.005152
245 16 33.788598 -0.005152
246 15 33.926099 -0.004918
247 14 34.020212 -0.004762
248 11 34.682962 -0.003631
249 10 34.852023 -0.003347
250 10 34.852023 -0.003347
251 8 35.221313 -0.002730
252 8 35.221313 -0.002730
253 8 35.221313 -0.002730
254 8 35.221313 -0.002730
255 8 35.221313 -0.002730
256 7 35.890846 -0.001543
257 7 35.890846 -0.001543
258 7 35.890846 -0.001543
259 7 35.890846 -0.001543
260 6 35.923832 -0.001517
261 6 35.923832 -0.001517
262 6 35.923832 -0.001517
263 6 35.923832 -0.001517
264 6 35.923832 -0.001517
265 4 36.263356 -0.000985
266 4 36.263356 -0.000985
267 3 36.454602 -0.000673
268 3 36.454602 -0.000673
269 3 36.454602 -0.000673
270 2 36.571378 -0.000545
271 2 36.571378 -0.000545
272 2 36.571378 -0.000545
273 2 36.571378 -0.000545
274 2 36.571378 -0.000545
275 2 36.571378 -0.000545
276 2 36.571378 -0.000545
277 2 36.571378 -0.000545
278 2 36.571378 -0.000545
279 2 36.571378 -0.000545
280 1 36.765873 -1.#IND00