1 2881 9.117476 0.125055 0.125055 0.000000 1.000000
2 2436 9.157773 0.114086 0.114086 0.001457 0.929258
3 1941 9.298994 0.102798 0.102798 0.006565 0.856459
4 1668 9.432733 0.099767 0.099767 0.011402 0.836914
5 1484 9.624380 0.097261 0.097261 0.018334 0.820747
6 1371 9.772090 0.095905 0.095905 0.023676 0.812007
7 1252 9.951627 0.093520 0.093520 0.030170 0.796624
8 1141 10.289752 0.091475 0.091475 0.042399 0.783432
9 1035 10.783750 0.093902 0.091475 0.060267 0.783432
10 985 10.857082 0.093298 0.091475 0.062919 0.783432
11 934 10.966789 0.093278 0.091475 0.066887 0.783432
12 892 11.085649 0.093236 0.091475 0.071186 0.783432
13 833 11.257089 0.092735 0.091475 0.077387 0.783432
14 803 11.386578 0.094931 0.091475 0.082070 0.783432
15 772 11.497228 0.095224 0.091475 0.086072 0.783432
16 737 11.726632 0.096493 0.091475 0.094369 0.783432
17 713 11.781167 0.092814 0.091475 0.096342 0.783432
18 680 11.974779 0.090134 0.090134 0.103344 0.774784
19 651 12.178933 0.092317 0.090134 0.110728 0.774784
20 619 12.265194 0.090106 0.090106 0.113848 0.774607
21 608 12.335076 0.090863 0.090106 0.116376 0.774607
22 585 12.395621 0.091781 0.090106 0.118565 0.774607
23 568 12.460129 0.092830 0.090106 0.120899 0.774607
24 554 12.528049 0.092634 0.090106 0.123355 0.774607
25 535 12.574788 0.092361 0.090106 0.125046 0.774607
26 516 12.699740 0.090234 0.090106 0.129565 0.774607
27 505 12.731372 0.089630 0.089630 0.130709 0.771535
28 485 13.500073 0.092848 0.089630 0.158512 0.771535
29 476 13.545651 0.091704 0.089630 0.160160 0.771535
30 468 13.599149 0.089853 0.089630 0.162095 0.771535
31 457 13.693500 0.092878 0.089630 0.165508 0.771535
32 451 13.707120 0.093085 0.089630 0.166000 0.771535
33 444 13.738825 0.093178 0.089630 0.167147 0.771535
34 439 13.749049 0.094089 0.089630 0.167517 0.771535
35 430 13.986385 0.096288 0.089630 0.176101 0.771535
36 419 14.062723 0.098412 0.089630 0.178862 0.771535
37 414 14.174175 0.101091 0.089630 0.182893 0.771535
38 404 14.246870 0.103245 0.089630 0.185522 0.771535
39 396 14.367130 0.102739 0.089630 0.189872 0.771535
40 394 14.381256 0.101903 0.089630 0.190383 0.771535
41 383 14.489051 0.103093 0.089630 0.194282 0.771535
42 377 14.562404 0.102054 0.089630 0.196935 0.771535
43 368 14.623106 0.096441 0.089630 0.199130 0.771535
44 361 14.702139 0.094956 0.089630 0.201989 0.771535
45 353 14.756217 0.096699 0.089630 0.203945 0.771535
46 346 14.856318 0.098357 0.089630 0.207565 0.771535
47 341 14.907027 0.096053 0.089630 0.209399 0.771535
48 340 14.914162 0.095846 0.089630 0.209657 0.771535
49 332 14.997006 0.093492 0.089630 0.212654 0.771535
50 327 15.050206 0.094037 0.089630 0.214578 0.771535
51 315 15.478495 0.094495 0.089630 0.230068 0.771535
52 311 15.547751 0.095234 0.089630 0.232573 0.771535
53 307 15.615921 0.094661 0.089630 0.235039 0.771535
54 302 15.673482 0.093034 0.089630 0.237121 0.771535
55 298 15.722552 0.092938 0.089630 0.238895 0.771535
56 293 15.800673 0.093477 0.089630 0.241721 0.771535
57 292 15.809883 0.093342 0.089630 0.242054 0.771535
58 286 15.894318 0.093540 0.089630 0.245108 0.771535
59 277 16.066368 0.092098 0.089630 0.251331 0.771535
60 272 16.158834 0.090599 0.089630 0.254675 0.771535
61 269 16.176112 0.090467 0.089630 0.255300 0.771535
62 266 16.219776 0.087730 0.087730 0.256879 0.759280
63 264 16.242809 0.087215 0.087215 0.257712 0.755960
64 259 16.322402 0.086458 0.086458 0.260591 0.751080
65 257 16.328361 0.086070 0.086070 0.260807 0.748578
66 252 16.427325 0.084673 0.084673 0.264386 0.739565
67 249 16.463587 0.083905 0.083905 0.265698 0.734614
68 246 16.508397 0.080069 0.080069 0.267318 0.709870
69 243 16.598798 0.079920 0.079920 0.270588 0.708909
70 237 16.679981 0.076305 0.076305 0.273524 0.685596
71 233 16.898256 0.072160 0.072160 0.281419 0.658866
72 224 17.400399 0.070317 0.070317 0.299581 0.646980
73 220 17.502063 0.070154 0.070154 0.303258 0.645930
74 212 17.646719 0.066607 0.066607 0.308490 0.623051
75 208 17.675805 0.061870 0.061870 0.309542 0.592501
76 204 17.798429 0.059409 0.059409 0.313977 0.576628
77 204 17.798429 0.059409 0.059409 0.313977 0.576628
78 200 17.837536 0.058932 0.058932 0.315391 0.573553
79 200 17.837536 0.058932 0.058932 0.315391 0.573553
80 197 17.961101 0.059587 0.058932 0.319860 0.573553
81 192 18.377487 0.061350 0.058932 0.334920 0.573553
82 187 19.363239 0.064977 0.058932 0.370573 0.573553
83 185 19.395669 0.062718 0.058932 0.371746 0.573553
84 179 19.538914 0.059929 0.058932 0.376927 0.573553
85 176 19.608960 0.060421 0.058932 0.379461 0.573553
86 172 19.650649 0.056141 0.056141 0.380969 0.555556
87 163 20.360964 0.058003 0.056141 0.406660 0.555556
88 161 20.418408 0.058364 0.056141 0.408737 0.555556
89 160 20.435671 0.058511 0.056141 0.409362 0.555556
90 158 20.516617 0.058953 0.056141 0.412289 0.555556
91 155 20.638468 0.058688 0.056141 0.416697 0.555556
92 152 20.749877 0.053650 0.053650 0.420726 0.539486
93 146 21.254136 0.052709 0.052709 0.438964 0.533416
94 142 21.366859 0.053480 0.052709 0.443041 0.533416
95 139 21.429949 0.051084 0.051084 0.445323 0.522936
96 136 21.481856 0.044678 0.044678 0.447201 0.481621
97 132 21.781686 0.042718 0.042718 0.458045 0.468982
98 130 21.839394 0.040444 0.040444 0.460132 0.454319
99 127 22.070727 0.041827 0.040444 0.468499 0.454319
100 126 22.094156 0.042023 0.040444 0.469347 0.454319
101 125 22.103998 0.042184 0.040444 0.469703 0.454319
102 124 22.187493 0.042549 0.040444 0.472722 0.454319
103 116 22.357391 0.032873 0.032873 0.478867 0.405486
104 114 22.459809 0.033484 0.032873 0.482572 0.405486
105 113 22.465802 0.029788 0.029788 0.482788 0.385596
106 113 22.465802 0.029788 0.029788 0.482788 0.385596
107 110 22.489825 0.028200 0.028200 0.483657 0.375349
108 108 22.556971 0.026472 0.026472 0.486086 0.364207
109 106 22.648211 0.027070 0.026472 0.489386 0.364207
110 101 22.791154 0.023106 0.023106 0.494556 0.342499
111 99 22.812559 0.020269 0.020269 0.495330 0.324203
112 95 22.903371 0.012131 0.012131 0.498615 0.271720
113 92 23.168221 0.013392 0.012131 0.508194 0.271720
114 89 23.210963 0.011098 0.011098 0.509740 0.265057
115 89 23.210963 0.011098 0.011098 0.509740 0.265057
116 89 23.210963 0.011098 0.011098 0.509740 0.265057
117 88 23.219394 0.008118 0.008118 0.510045 0.245834
118 86 23.266404 0.005372 0.005372 0.511745 0.228129
119 85 23.320628 0.005695 0.005372 0.513706 0.228129
120 83 23.411284 -0.000474 -0.000474 0.516985 0.190420
121 81 23.465027 -0.011319 -0.011319 0.518929 0.120479
122 79 23.548074 -0.010807 -0.011319 0.521933 0.120479
123 79 23.548074 -0.010807 -0.011319 0.521933 0.120479
124 78 23.608004 -0.010501 -0.011319 0.524100 0.120479
125 77 23.626992 -0.010304 -0.011319 0.524787 0.120479
126 77 23.626992 -0.010304 -0.011319 0.524787 0.120479
127 75 23.773778 -0.019106 -0.019106 0.530096 0.070259
128 74 23.876907 -0.018723 -0.019106 0.533826 0.070259
129 74 23.876907 -0.018723 -0.019106 0.533826 0.070259
130 74 23.876907 -0.018723 -0.019106 0.533826 0.070259
131 74 23.876907 -0.018723 -0.019106 0.533826 0.070259
132 73 24.034169 -0.023725 -0.023725 0.539514 0.040470
133 73 24.034169 -0.023725 -0.023725 0.539514 0.040470
134 73 24.034169 -0.023725 -0.023725 0.539514 0.040470
135 73 24.034169 -0.023725 -0.023725 0.539514 0.040470
136 73 24.034169 -0.023725 -0.023725 0.539514 0.040470
137 72 24.121759 -0.023419 -0.023725 0.542682 0.040470
138 72 24.121759 -0.023419 -0.023725 0.542682 0.040470
139 72 24.121759 -0.023419 -0.023725 0.542682 0.040470
140 70 24.236710 -0.022967 -0.023725 0.546839 0.040470
141 69 24.255427 -0.022836 -0.023725 0.547516 0.040470
142 68 24.367368 -0.022479 -0.023725 0.551565 0.040470
143 67 24.386632 -0.022347 -0.023725 0.552262 0.040470
144 64 24.645845 -0.021473 -0.023725 0.561637 0.040470
145 64 24.645845 -0.021473 -0.023725 0.561637 0.040470
146 64 24.645845 -0.021473 -0.023725 0.561637 0.040470
147 64 24.645845 -0.021473 -0.023725 0.561637 0.040470
148 63 24.664880 -0.021344 -0.023725 0.562326 0.040470
149 63 24.664880 -0.021344 -0.023725 0.562326 0.040470
150 62 24.681178 -0.021223 -0.023725 0.562915 0.040470
151 62 24.681178 -0.021223 -0.023725 0.562915 0.040470
152 61 24.701342 -0.021092 -0.023725 0.563644 0.040470
153 61 24.701342 -0.021092 -0.023725 0.563644 0.040470
154 61 24.701342 -0.021092 -0.023725 0.563644 0.040470
155 61 24.701342 -0.021092 -0.023725 0.563644 0.040470
156 61 24.701342 -0.021092 -0.023725 0.563644 0.040470
157 61 24.701342 -0.021092 -0.023725 0.563644 0.040470
158 61 24.701342 -0.021092 -0.023725 0.563644 0.040470
159 60 24.737899 -0.020931 -0.023725 0.564967 0.040470
160 59 24.779959 -0.020759 -0.023725 0.566488 0.040470
161 59 24.779959 -0.020759 -0.023725 0.566488 0.040470
162 59 24.779959 -0.020759 -0.023725 0.566488 0.040470
163 59 24.779959 -0.020759 -0.023725 0.566488 0.040470
164 59 24.779959 -0.020759 -0.023725 0.566488 0.040470
165 58 24.816001 -0.020604 -0.023725 0.567791 0.040470
166 58 24.816001 -0.020604 -0.023725 0.567791 0.040470
167 58 24.816001 -0.020604 -0.023725 0.567791 0.040470
168 58 24.816001 -0.020604 -0.023725 0.567791 0.040470
169 58 24.816001 -0.020604 -0.023725 0.567791 0.040470
170 58 24.816001 -0.020604 -0.023725 0.567791 0.040470
171 58 24.816001 -0.020604 -0.023725 0.567791 0.040470
172 57 24.884297 -0.020391 -0.023725 0.570262 0.040470
173 57 24.884297 -0.020391 -0.023725 0.570262 0.040470
174 57 24.884297 -0.020391 -0.023725 0.570262 0.040470
175 57 24.884297 -0.020391 -0.023725 0.570262 0.040470
176 57 24.884297 -0.020391 -0.023725 0.570262 0.040470
177 57 24.884297 -0.020391 -0.023725 0.570262 0.040470
178 57 24.884297 -0.020391 -0.023725 0.570262 0.040470
179 56 25.487439 -0.019335 -0.023725 0.592076 0.040470
180 56 25.487439 -0.019335 -0.023725 0.592076 0.040470
181 55 25.551864 -0.019142 -0.023725 0.594407 0.040470
182 55 25.551864 -0.019142 -0.023725 0.594407 0.040470
183 55 25.551864 -0.019142 -0.023725 0.594407 0.040470
184 55 25.551864 -0.019142 -0.023725 0.594407 0.040470
185 55 25.551864 -0.019142 -0.023725 0.594407 0.040470
186 55 25.551864 -0.019142 -0.023725 0.594407 0.040470
187 55 25.551864 -0.019142 -0.023725 0.594407 0.040470
188 55 25.551864 -0.019142 -0.023725 0.594407 0.040470
189 55 25.551864 -0.019142 -0.023725 0.594407 0.040470
190 54 25.682248 -0.018842 -0.023725 0.599122 0.040470
191 54 25.682248 -0.018842 -0.023725 0.599122 0.040470
192 54 25.682248 -0.018842 -0.023725 0.599122 0.040470
193 54 25.682248 -0.018842 -0.023725 0.599122 0.040470
194 54 25.682248 -0.018842 -0.023725 0.599122 0.040470
195 54 25.682248 -0.018842 -0.023725 0.599122 0.040470
196 54 25.682248 -0.018842 -0.023725 0.599122 0.040470
197 54 25.682248 -0.018842 -0.023725 0.599122 0.040470
198 53 25.831515 -0.018528 -0.023725 0.604521 0.040470
199 53 25.831515 -0.018528 -0.023725 0.604521 0.040470
200 53 25.831515 -0.018528 -0.023725 0.604521 0.040470
201 53 25.831515 -0.018528 -0.023725 0.604521 0.040470
202 53 25.831515 -0.018528 -0.023725 0.604521 0.040470
203 52 26.061524 -0.018096 -0.023725 0.612840 0.040470
204 52 26.061524 -0.018096 -0.023725 0.612840 0.040470
205 52 26.061524 -0.018096 -0.023725 0.612840 0.040470
206 52 26.061524 -0.018096 -0.023725 0.612840 0.040470
207 52 26.061524 -0.018096 -0.023725 0.612840 0.040470
208 52 26.061524 -0.018096 -0.023725 0.612840 0.040470
209 52 26.061524 -0.018096 -0.023725 0.612840 0.040470
210 48 27.329180 -0.015829 -0.023725 0.658689 0.040470
211 48 27.329180 -0.015829 -0.023725 0.658689 0.040470
212 48 27.329180 -0.015829 -0.023725 0.658689 0.040470
213 48 27.329180 -0.015829 -0.023725 0.658689 0.040470
214 48 27.329180 -0.015829 -0.023725 0.658689 0.040470
215 48 27.329180 -0.015829 -0.023725 0.658689 0.040470
216 48 27.329180 -0.015829 -0.023725 0.658689 0.040470
217 48 27.329180 -0.015829 -0.023725 0.658689 0.040470
218 48 27.329180 -0.015829 -0.023725 0.658689 0.040470
219 47 27.398576 -0.015675 -0.023725 0.661199 0.040470
220 45 27.914755 -0.015256 -0.023725 0.679869 0.040470
221 45 27.914755 -0.015256 -0.023725 0.679869 0.040470
222 44 28.204558 -0.014746 -0.023725 0.690350 0.040470
223 44 28.204558 -0.014746 -0.023725 0.690350 0.040470
224 39 29.401991 -0.012820 -0.023725 0.733660 0.040470
225 38 29.489342 -0.012649 -0.023725 0.736819 0.040470
226 37 29.559058 -0.012509 -0.023725 0.739341 0.040470
227 37 29.559058 -0.012509 -0.023725 0.739341 0.040470
228 37 29.559058 -0.012509 -0.023725 0.739341 0.040470
229 37 29.559058 -0.012509 -0.023725 0.739341 0.040470
230 35 29.807184 -0.012065 -0.023725 0.748315 0.040470
231 33 30.024362 -0.011667 -0.023725 0.756170 0.040470
232 30 30.255195 -0.011231 -0.023725 0.764519 0.040470
233 29 30.443956 -0.010898 -0.023725 0.771346 0.040470
234 28 30.678912 -0.010490 -0.023725 0.779844 0.040470
235 28 30.678912 -0.010490 -0.023725 0.779844 0.040470
236 28 30.678912 -0.010490 -0.023725 0.779844 0.040470
237 27 30.812425 -0.010258 -0.023725 0.784673 0.040470
238 27 30.812425 -0.010258 -0.023725 0.784673 0.040470
239 27 30.812425 -0.010258 -0.023725 0.784673 0.040470
240 24 31.847129 -0.008515 -0.023725 0.822097 0.040470
241 20 32.546973 -0.007307 -0.023725 0.847409 0.040470
242 19 33.174860 -0.006222 -0.023725 0.870119 0.040470
243 17 33.754529 -0.005209 -0.023725 0.891084 0.040470
244 17 33.754529 -0.005209 -0.023725 0.891084 0.040470
245 16 33.788598 -0.005152 -0.023725 0.892317 0.040470
246 16 33.788598 -0.005152 -0.023725 0.892317 0.040470
247 15 33.926099 -0.004918 -0.023725 0.897290 0.040470
248 14 34.020212 -0.004762 -0.023725 0.900694 0.040470
249 11 34.682962 -0.003631 -0.023725 0.924664 0.040470
250 10 34.852023 -0.003347 -0.023725 0.930779 0.040470
251 10 34.852023 -0.003347 -0.023725 0.930779 0.040470
252 8 35.221313 -0.002730 -0.023725 0.944136 0.040470
253 8 35.221313 -0.002730 -0.023725 0.944136 0.040470
254 8 35.221313 -0.002730 -0.023725 0.944136 0.040470
255 8 35.221313 -0.002730 -0.023725 0.944136 0.040470
256 8 35.221313 -0.002730 -0.023725 0.944136 0.040470
257 7 35.890846 -0.001543 -0.023725 0.968352 0.040470
258 7 35.890846 -0.001543 -0.023725 0.968352 0.040470
259 7 35.890846 -0.001543 -0.023725 0.968352 0.040470
260 7 35.890846 -0.001543 -0.023725 0.968352 0.040470
261 6 35.923832 -0.001517 -0.023725 0.969545 0.040470
262 6 35.923832 -0.001517 -0.023725 0.969545 0.040470
263 6 35.923832 -0.001517 -0.023725 0.969545 0.040470
264 6 35.923832 -0.001517 -0.023725 0.969545 0.040470
265 6 35.923832 -0.001517 -0.023725 0.969545 0.040470
266 4 36.263356 -0.000985 -0.023725 0.981825 0.040470
267 4 36.263356 -0.000985 -0.023725 0.981825 0.040470
268 3 36.454602 -0.000673 -0.023725 0.988742 0.040470
269 3 36.454602 -0.000673 -0.023725 0.988742 0.040470
270 3 36.454602 -0.000673 -0.023725 0.988742 0.040470
271 2 36.571378 -0.000545 -0.023725 0.992965 0.040470
272 2 36.571378 -0.000545 -0.023725 0.992965 0.040470
273 2 36.571378 -0.000545 -0.023725 0.992965 0.040470
274 2 36.571378 -0.000545 -0.023725 0.992965 0.040470
275 2 36.571378 -0.000545 -0.023725 0.992965 0.040470
276 2 36.571378 -0.000545 -0.023725 0.992965 0.040470
277 2 36.571378 -0.000545 -0.023725 0.992965 0.040470
278 2 36.571378 -0.000545 -0.023725 0.992965 0.040470
279 2 36.571378 -0.000545 -0.023725 0.992965 0.040470
280 2 36.571378 -0.000545 -0.023725 0.992965 0.040470
301 1 36.765873 -0.030000 -0.030000 1.000000 0.000000
